10
0
1.7976931348623157E308
NaN
2
1
0.4658312247685933 8.351520154692865 
2
1
0.23153130621120507 0.7671694997162513 
0
0

0
1.7976931348623157E308
NaN
2
1
6.101094921564913 0.05150913953125791 
2
1
-0.2606342960907647 -1.8459876560868467 
0
0

0
1.0942989336319544
NaN
2
1
0.8396274387296209 4.4944374600285615 
2
1
0.09990354768589946 0.06829087535906975 
0
0

0
0.8623065990439598
NaN
2
1
3.1091684778163655 0.8419793033583467 
2
1
-0.10758228965664515 -1.0333568181073336 
0
0

0
0.7064185807405952
NaN
2
1
1.6760619377997434 2.3644352990576736 
2
1
-3.101133694566327E-5 -0.46231245571718194 
0
0

0
0.6615312986069516
NaN
2
1
4.848743377830335 0.1583829482293 
2
1
-0.20327569761242129 -1.5414417240683056 
0
0

0
0.6027149500683529
NaN
2
1
2.498042941776019 1.3278824400157943 
2
1
-0.06660789212272407 -0.8158029305140431 
0
0

0
0.6011672281725877
NaN
2
1
0.5288670007883226 6.5008635300643425 
2
1
0.17340548326370722 0.45854998331411967 
0
0

0
0.4200673555826395
NaN
2
1
1.8088767688880705 2.1545592327609704 
2
1
-0.012057415263940885 -0.526166742431685 
0
0

0
0.36674533934962944
NaN
2
1
0.4863458252322622 7.166927752981115 
2
1
0.19518312214092837 0.5741785290766286 
0
0

