20
0
1.7976931348623157E308
NaN
2
1
1.2628865412770884 22.64233502528514 
2
1
2.224088666899038 1.2390942792142496 
0
0
0
0.0
NaN
2
1
1.2628865412770884 22.64233502528514 
2
1
2.224088666899038 1.2390942792142496 
0
0
0
0.0
NaN
2
1
1.2628865412770884 22.64233502528514 
2
1
2.224088666899038 1.2390942792142496 
0
0
0
0.0
NaN
2
1
1.2628865412770884 22.64233502528514 
2
1
2.224088666899038 1.2390942792142496 
0
0
0
0.0
NaN
2
1
1.2628865412770884 22.64233502528514 
2
1
2.224088666899038 1.2390942792142496 
0
0
0
0.0
NaN
2
1
1.2628865412770884 22.64233502528514 
2
1
2.224088666899038 1.2390942792142496 
0
0
0
0.0
NaN
2
1
1.2628865412770884 22.64233502528514 
2
1
2.224088666899038 1.2390942792142496 
0
0
0
0.0
NaN
2
1
1.2628865412770884 22.64233502528514 
2
1
2.224088666899038 1.2390942792142496 
0
0
0
0.0
NaN
2
1
1.2628865412770884 22.64233502528514 
2
1
2.224088666899038 1.2390942792142496 
0
0
0
0.0
NaN
2
1
1.2628865412770884 22.64233502528514 
2
1
2.224088666899038 1.2390942792142496 
0
0
0
0.0
NaN
2
1
1.2628865412770884 22.64233502528514 
2
1
2.224088666899038 1.2390942792142496 
0
0
0
0.0
NaN
2
1
1.2628865412770884 22.64233502528514 
2
1
2.224088666899038 1.2390942792142496 
0
0
0
0.0
NaN
2
1
1.2628865412770884 22.64233502528514 
2
1
2.224088666899038 1.2390942792142496 
0
0
0
0.0
NaN
2
1
1.2628865412770884 22.64233502528514 
2
1
2.224088666899038 1.2390942792142496 
0
0
0
0.0
NaN
2
1
1.2628865412770884 22.64233502528514 
2
1
2.224088666899038 1.2390942792142496 
0
0
0
0.0
NaN
2
1
1.2628865412770884 22.64233502528514 
2
1
2.224088666899038 1.2390942792142496 
0
0
0
0.0
NaN
2
1
1.2628865412770884 22.64233502528514 
2
1
2.224088666899038 1.2390942792142496 
0
0
0
0.0
NaN
2
1
1.2628865412770884 22.64233502528514 
2
1
2.224088666899038 1.2390942792142496 
0
0
0
0.0
NaN
2
1
1.2628865412770884 22.64233502528514 
2
1
2.224088666899038 1.2390942792142496 
0
0
0
0.0
NaN
2
1
1.2628865412770884 22.64233502528514 
2
1
2.224088666899038 1.2390942792142496 
0
0
