20
0
1.7976931348623157E308
NaN
2
1
0.6181189210437099 15.610092013797756 
2
1
0.6738909293095096 1.570674690291671 
0
0
0
0.0
NaN
2
1
0.6181189210437099 15.610092013797756 
2
1
0.6738909293095096 1.570674690291671 
0
0
0
0.0
NaN
2
1
0.6181189210437099 15.610092013797756 
2
1
0.6738909293095096 1.570674690291671 
0
0
0
0.0
NaN
2
1
0.6181189210437099 15.610092013797756 
2
1
0.6738909293095096 1.570674690291671 
0
0
0
0.0
NaN
2
1
0.6181189210437099 15.610092013797756 
2
1
0.6738909293095096 1.570674690291671 
0
0
0
0.0
NaN
2
1
0.6181189210437099 15.610092013797756 
2
1
0.6738909293095096 1.570674690291671 
0
0
0
0.0
NaN
2
1
0.6181189210437099 15.610092013797756 
2
1
0.6738909293095096 1.570674690291671 
0
0
0
0.0
NaN
2
1
0.6181189210437099 15.610092013797756 
2
1
0.6738909293095096 1.570674690291671 
0
0
0
0.0
NaN
2
1
0.6181189210437099 15.610092013797756 
2
1
0.6738909293095096 1.570674690291671 
0
0
0
0.0
NaN
2
1
0.6181189210437099 15.610092013797756 
2
1
0.6738909293095096 1.570674690291671 
0
0
0
0.0
NaN
2
1
0.6181189210437099 15.610092013797756 
2
1
0.6738909293095096 1.570674690291671 
0
0
0
0.0
NaN
2
1
0.6181189210437099 15.610092013797756 
2
1
0.6738909293095096 1.570674690291671 
0
0
0
0.0
NaN
2
1
0.6181189210437099 15.610092013797756 
2
1
0.6738909293095096 1.570674690291671 
0
0
0
0.0
NaN
2
1
0.6181189210437099 15.610092013797756 
2
1
0.6738909293095096 1.570674690291671 
0
0
0
0.0
NaN
2
1
0.6181189210437099 15.610092013797756 
2
1
0.6738909293095096 1.570674690291671 
0
0
0
0.0
NaN
2
1
0.6181189210437099 15.610092013797756 
2
1
0.6738909293095096 1.570674690291671 
0
0
0
0.0
NaN
2
1
0.6181189210437099 15.610092013797756 
2
1
0.6738909293095096 1.570674690291671 
0
0
0
0.0
NaN
2
1
0.6181189210437099 15.610092013797756 
2
1
0.6738909293095096 1.570674690291671 
0
0
0
0.0
NaN
2
1
0.6181189210437099 15.610092013797756 
2
1
0.6738909293095096 1.570674690291671 
0
0
0
0.0
NaN
2
1
0.6181189210437099 15.610092013797756 
2
1
0.6738909293095096 1.570674690291671 
0
0
