20
0
1.7976931348623157E308
NaN
2
1
44.09501463749438 9.54835309710344 
2
1
3.5607056019908256 -3.9788088643112105 
0
0
0
0.0
NaN
2
1
44.09501463749438 9.54835309710344 
2
1
3.5607056019908256 -3.9788088643112105 
0
0
0
0.0
NaN
2
1
44.09501463749438 9.54835309710344 
2
1
3.5607056019908256 -3.9788088643112105 
0
0
0
0.0
NaN
2
1
44.09501463749438 9.54835309710344 
2
1
3.5607056019908256 -3.9788088643112105 
0
0
0
0.0
NaN
2
1
44.09501463749438 9.54835309710344 
2
1
3.5607056019908256 -3.9788088643112105 
0
0
0
0.0
NaN
2
1
44.09501463749438 9.54835309710344 
2
1
3.5607056019908256 -3.9788088643112105 
0
0
0
0.0
NaN
2
1
44.09501463749438 9.54835309710344 
2
1
3.5607056019908256 -3.9788088643112105 
0
0
0
0.0
NaN
2
1
44.09501463749438 9.54835309710344 
2
1
3.5607056019908256 -3.9788088643112105 
0
0
0
0.0
NaN
2
1
44.09501463749438 9.54835309710344 
2
1
3.5607056019908256 -3.9788088643112105 
0
0
0
0.0
NaN
2
1
44.09501463749438 9.54835309710344 
2
1
3.5607056019908256 -3.9788088643112105 
0
0
0
0.0
NaN
2
1
44.09501463749438 9.54835309710344 
2
1
3.5607056019908256 -3.9788088643112105 
0
0
0
0.0
NaN
2
1
44.09501463749438 9.54835309710344 
2
1
3.5607056019908256 -3.9788088643112105 
0
0
0
0.0
NaN
2
1
44.09501463749438 9.54835309710344 
2
1
3.5607056019908256 -3.9788088643112105 
0
0
0
0.0
NaN
2
1
44.09501463749438 9.54835309710344 
2
1
3.5607056019908256 -3.9788088643112105 
0
0
0
0.0
NaN
2
1
44.09501463749438 9.54835309710344 
2
1
3.5607056019908256 -3.9788088643112105 
0
0
0
0.0
NaN
2
1
44.09501463749438 9.54835309710344 
2
1
3.5607056019908256 -3.9788088643112105 
0
0
0
0.0
NaN
2
1
44.09501463749438 9.54835309710344 
2
1
3.5607056019908256 -3.9788088643112105 
0
0
0
0.0
NaN
2
1
44.09501463749438 9.54835309710344 
2
1
3.5607056019908256 -3.9788088643112105 
0
0
0
0.0
NaN
2
1
44.09501463749438 9.54835309710344 
2
1
3.5607056019908256 -3.9788088643112105 
0
0
0
0.0
NaN
2
1
44.09501463749438 9.54835309710344 
2
1
3.5607056019908256 -3.9788088643112105 
0
0
