20
0
1.7976931348623157E308
NaN
2
1
8.167642838344442 26.3844295209267 
2
1
3.50470743429873 0.3915814742966974 
0
0
0
0.0
NaN
2
1
8.167642838344442 26.3844295209267 
2
1
3.50470743429873 0.3915814742966974 
0
0
0
0.0
NaN
2
1
8.167642838344442 26.3844295209267 
2
1
3.50470743429873 0.3915814742966974 
0
0
0
0.0
NaN
2
1
8.167642838344442 26.3844295209267 
2
1
3.50470743429873 0.3915814742966974 
0
0
0
0.0
NaN
2
1
8.167642838344442 26.3844295209267 
2
1
3.50470743429873 0.3915814742966974 
0
0
0
0.0
NaN
2
1
8.167642838344442 26.3844295209267 
2
1
3.50470743429873 0.3915814742966974 
0
0
0
0.0
NaN
2
1
8.167642838344442 26.3844295209267 
2
1
3.50470743429873 0.3915814742966974 
0
0
0
0.0
NaN
2
1
8.167642838344442 26.3844295209267 
2
1
3.50470743429873 0.3915814742966974 
0
0
0
0.0
NaN
2
1
8.167642838344442 26.3844295209267 
2
1
3.50470743429873 0.3915814742966974 
0
0
0
0.0
NaN
2
1
8.167642838344442 26.3844295209267 
2
1
3.50470743429873 0.3915814742966974 
0
0
0
0.0
NaN
2
1
8.167642838344442 26.3844295209267 
2
1
3.50470743429873 0.3915814742966974 
0
0
0
0.0
NaN
2
1
8.167642838344442 26.3844295209267 
2
1
3.50470743429873 0.3915814742966974 
0
0
0
0.0
NaN
2
1
8.167642838344442 26.3844295209267 
2
1
3.50470743429873 0.3915814742966974 
0
0
0
0.0
NaN
2
1
8.167642838344442 26.3844295209267 
2
1
3.50470743429873 0.3915814742966974 
0
0
0
0.0
NaN
2
1
8.167642838344442 26.3844295209267 
2
1
3.50470743429873 0.3915814742966974 
0
0
0
0.0
NaN
2
1
8.167642838344442 26.3844295209267 
2
1
3.50470743429873 0.3915814742966974 
0
0
0
0.0
NaN
2
1
8.167642838344442 26.3844295209267 
2
1
3.50470743429873 0.3915814742966974 
0
0
0
0.0
NaN
2
1
8.167642838344442 26.3844295209267 
2
1
3.50470743429873 0.3915814742966974 
0
0
0
0.0
NaN
2
1
8.167642838344442 26.3844295209267 
2
1
3.50470743429873 0.3915814742966974 
0
0
0
0.0
NaN
2
1
8.167642838344442 26.3844295209267 
2
1
3.50470743429873 0.3915814742966974 
0
0
