20
1
1.7976931348623157E308
NaN
2
1
31.21421108491584 15.789324412844955 
2
1
-4.30943217811272 1.518871556563617 
0
0
1
0.0
NaN
2
1
31.21421108491584 15.789324412844955 
2
1
-4.30943217811272 1.518871556563617 
0
0
1
0.0
NaN
2
1
31.21421108491584 15.789324412844955 
2
1
-4.30943217811272 1.518871556563617 
0
0
1
0.0
NaN
2
1
31.21421108491584 15.789324412844955 
2
1
-4.30943217811272 1.518871556563617 
0
0
1
0.0
NaN
2
1
31.21421108491584 15.789324412844955 
2
1
-4.30943217811272 1.518871556563617 
0
0
1
0.0
NaN
2
1
31.21421108491584 15.789324412844955 
2
1
-4.30943217811272 1.518871556563617 
0
0
1
0.0
NaN
2
1
31.21421108491584 15.789324412844955 
2
1
-4.30943217811272 1.518871556563617 
0
0
1
0.0
NaN
2
1
31.21421108491584 15.789324412844955 
2
1
-4.30943217811272 1.518871556563617 
0
0
1
0.0
NaN
2
1
31.21421108491584 15.789324412844955 
2
1
-4.30943217811272 1.518871556563617 
0
0
1
0.0
NaN
2
1
31.21421108491584 15.789324412844955 
2
1
-4.30943217811272 1.518871556563617 
0
0
1
0.0
NaN
2
1
31.21421108491584 15.789324412844955 
2
1
-4.30943217811272 1.518871556563617 
0
0
1
0.0
NaN
2
1
31.21421108491584 15.789324412844955 
2
1
-4.30943217811272 1.518871556563617 
0
0
1
0.0
NaN
2
1
31.21421108491584 15.789324412844955 
2
1
-4.30943217811272 1.518871556563617 
0
0
1
0.0
NaN
2
1
31.21421108491584 15.789324412844955 
2
1
-4.30943217811272 1.518871556563617 
0
0
1
0.0
NaN
2
1
31.21421108491584 15.789324412844955 
2
1
-4.30943217811272 1.518871556563617 
0
0
1
0.0
NaN
2
1
31.21421108491584 15.789324412844955 
2
1
-4.30943217811272 1.518871556563617 
0
0
1
0.0
NaN
2
1
31.21421108491584 15.789324412844955 
2
1
-4.30943217811272 1.518871556563617 
0
0
1
0.0
NaN
2
1
31.21421108491584 15.789324412844955 
2
1
-4.30943217811272 1.518871556563617 
0
0
1
0.0
NaN
2
1
31.21421108491584 15.789324412844955 
2
1
-4.30943217811272 1.518871556563617 
0
0
1
0.0
NaN
2
1
31.21421108491584 15.789324412844955 
2
1
-4.30943217811272 1.518871556563617 
0
0
