20
0
1.7976931348623157E308
NaN
2
1
22.252220442090422 26.326560297440707 
2
1
-1.6851976232928412 3.7616070475895995 
0
0
0
0.0
NaN
2
1
22.252220442090422 26.326560297440707 
2
1
-1.6851976232928412 3.7616070475895995 
0
0
0
0.0
NaN
2
1
22.252220442090422 26.326560297440707 
2
1
-1.6851976232928412 3.7616070475895995 
0
0
0
0.0
NaN
2
1
22.252220442090422 26.326560297440707 
2
1
-1.6851976232928412 3.7616070475895995 
0
0
0
0.0
NaN
2
1
22.252220442090422 26.326560297440707 
2
1
-1.6851976232928412 3.7616070475895995 
0
0
0
0.0
NaN
2
1
22.252220442090422 26.326560297440707 
2
1
-1.6851976232928412 3.7616070475895995 
0
0
0
0.0
NaN
2
1
22.252220442090422 26.326560297440707 
2
1
-1.6851976232928412 3.7616070475895995 
0
0
0
0.0
NaN
2
1
22.252220442090422 26.326560297440707 
2
1
-1.6851976232928412 3.7616070475895995 
0
0
0
0.0
NaN
2
1
22.252220442090422 26.326560297440707 
2
1
-1.6851976232928412 3.7616070475895995 
0
0
0
0.0
NaN
2
1
22.252220442090422 26.326560297440707 
2
1
-1.6851976232928412 3.7616070475895995 
0
0
0
0.0
NaN
2
1
22.252220442090422 26.326560297440707 
2
1
-1.6851976232928412 3.7616070475895995 
0
0
0
0.0
NaN
2
1
22.252220442090422 26.326560297440707 
2
1
-1.6851976232928412 3.7616070475895995 
0
0
0
0.0
NaN
2
1
22.252220442090422 26.326560297440707 
2
1
-1.6851976232928412 3.7616070475895995 
0
0
0
0.0
NaN
2
1
22.252220442090422 26.326560297440707 
2
1
-1.6851976232928412 3.7616070475895995 
0
0
0
0.0
NaN
2
1
22.252220442090422 26.326560297440707 
2
1
-1.6851976232928412 3.7616070475895995 
0
0
0
0.0
NaN
2
1
22.252220442090422 26.326560297440707 
2
1
-1.6851976232928412 3.7616070475895995 
0
0
0
0.0
NaN
2
1
22.252220442090422 26.326560297440707 
2
1
-1.6851976232928412 3.7616070475895995 
0
0
0
0.0
NaN
2
1
22.252220442090422 26.326560297440707 
2
1
-1.6851976232928412 3.7616070475895995 
0
0
0
0.0
NaN
2
1
22.252220442090422 26.326560297440707 
2
1
-1.6851976232928412 3.7616070475895995 
0
0
0
0.0
NaN
2
1
22.252220442090422 26.326560297440707 
2
1
-1.6851976232928412 3.7616070475895995 
0
0
