20
0
1.7976931348623157E308
NaN
2
1
24.993652007452035 37.998634315092986 
2
1
5.178549561925891 -0.3601374409016351 
0
0
0
0.0
NaN
2
1
24.993652007452035 37.998634315092986 
2
1
5.178549561925891 -0.3601374409016351 
0
0
0
0.0
NaN
2
1
24.993652007452035 37.998634315092986 
2
1
5.178549561925891 -0.3601374409016351 
0
0
0
0.0
NaN
2
1
24.993652007452035 37.998634315092986 
2
1
5.178549561925891 -0.3601374409016351 
0
0
0
0.0
NaN
2
1
24.993652007452035 37.998634315092986 
2
1
5.178549561925891 -0.3601374409016351 
0
0
0
0.0
NaN
2
1
24.993652007452035 37.998634315092986 
2
1
5.178549561925891 -0.3601374409016351 
0
0
0
0.0
NaN
2
1
24.993652007452035 37.998634315092986 
2
1
5.178549561925891 -0.3601374409016351 
0
0
0
0.0
NaN
2
1
24.993652007452035 37.998634315092986 
2
1
5.178549561925891 -0.3601374409016351 
0
0
0
0.0
NaN
2
1
24.993652007452035 37.998634315092986 
2
1
5.178549561925891 -0.3601374409016351 
0
0
0
0.0
NaN
2
1
24.993652007452035 37.998634315092986 
2
1
5.178549561925891 -0.3601374409016351 
0
0
0
0.0
NaN
2
1
24.993652007452035 37.998634315092986 
2
1
5.178549561925891 -0.3601374409016351 
0
0
0
0.0
NaN
2
1
24.993652007452035 37.998634315092986 
2
1
5.178549561925891 -0.3601374409016351 
0
0
0
0.0
NaN
2
1
24.993652007452035 37.998634315092986 
2
1
5.178549561925891 -0.3601374409016351 
0
0
0
0.0
NaN
2
1
24.993652007452035 37.998634315092986 
2
1
5.178549561925891 -0.3601374409016351 
0
0
0
0.0
NaN
2
1
24.993652007452035 37.998634315092986 
2
1
5.178549561925891 -0.3601374409016351 
0
0
0
0.0
NaN
2
1
24.993652007452035 37.998634315092986 
2
1
5.178549561925891 -0.3601374409016351 
0
0
0
0.0
NaN
2
1
24.993652007452035 37.998634315092986 
2
1
5.178549561925891 -0.3601374409016351 
0
0
0
0.0
NaN
2
1
24.993652007452035 37.998634315092986 
2
1
5.178549561925891 -0.3601374409016351 
0
0
0
0.0
NaN
2
1
24.993652007452035 37.998634315092986 
2
1
5.178549561925891 -0.3601374409016351 
0
0
0
0.0
NaN
2
1
24.993652007452035 37.998634315092986 
2
1
5.178549561925891 -0.3601374409016351 
0
0
