20
0
1.7976931348623157E308
NaN
2
1
19.85540628318246 11.579117674128824 
2
1
-1.7846004899150738 -4.139286549557009 
0
0
0
0.0
NaN
2
1
19.85540628318246 11.579117674128824 
2
1
-1.7846004899150738 -4.139286549557009 
0
0
0
0.0
NaN
2
1
19.85540628318246 11.579117674128824 
2
1
-1.7846004899150738 -4.139286549557009 
0
0
0
0.0
NaN
2
1
19.85540628318246 11.579117674128824 
2
1
-1.7846004899150738 -4.139286549557009 
0
0
0
0.0
NaN
2
1
19.85540628318246 11.579117674128824 
2
1
-1.7846004899150738 -4.139286549557009 
0
0
0
0.0
NaN
2
1
19.85540628318246 11.579117674128824 
2
1
-1.7846004899150738 -4.139286549557009 
0
0
0
0.0
NaN
2
1
19.85540628318246 11.579117674128824 
2
1
-1.7846004899150738 -4.139286549557009 
0
0
0
0.0
NaN
2
1
19.85540628318246 11.579117674128824 
2
1
-1.7846004899150738 -4.139286549557009 
0
0
0
0.0
NaN
2
1
19.85540628318246 11.579117674128824 
2
1
-1.7846004899150738 -4.139286549557009 
0
0
0
0.0
NaN
2
1
19.85540628318246 11.579117674128824 
2
1
-1.7846004899150738 -4.139286549557009 
0
0
0
0.0
NaN
2
1
19.85540628318246 11.579117674128824 
2
1
-1.7846004899150738 -4.139286549557009 
0
0
0
0.0
NaN
2
1
19.85540628318246 11.579117674128824 
2
1
-1.7846004899150738 -4.139286549557009 
0
0
0
0.0
NaN
2
1
19.85540628318246 11.579117674128824 
2
1
-1.7846004899150738 -4.139286549557009 
0
0
0
0.0
NaN
2
1
19.85540628318246 11.579117674128824 
2
1
-1.7846004899150738 -4.139286549557009 
0
0
0
0.0
NaN
2
1
19.85540628318246 11.579117674128824 
2
1
-1.7846004899150738 -4.139286549557009 
0
0
0
0.0
NaN
2
1
19.85540628318246 11.579117674128824 
2
1
-1.7846004899150738 -4.139286549557009 
0
0
0
0.0
NaN
2
1
19.85540628318246 11.579117674128824 
2
1
-1.7846004899150738 -4.139286549557009 
0
0
0
0.0
NaN
2
1
19.85540628318246 11.579117674128824 
2
1
-1.7846004899150738 -4.139286549557009 
0
0
0
0.0
NaN
2
1
19.85540628318246 11.579117674128824 
2
1
-1.7846004899150738 -4.139286549557009 
0
0
0
0.0
NaN
2
1
19.85540628318246 11.579117674128824 
2
1
-1.7846004899150738 -4.139286549557009 
0
0
