20
1
1.7976931348623157E308
NaN
2
1
0.6718300805094068 5.260486402345757 
2
1
0.40273682708697944 0.06553226545122344 
0
0
1
0.0
NaN
2
1
0.6718300805094068 5.260486402345757 
2
1
0.40273682708697944 0.06553226545122344 
0
0
1
0.0
NaN
2
1
0.6718300805094068 5.260486402345757 
2
1
0.40273682708697944 0.06553226545122344 
0
0
1
0.0
NaN
2
1
0.6718300805094068 5.260486402345757 
2
1
0.40273682708697944 0.06553226545122344 
0
0
1
0.0
NaN
2
1
0.6718300805094068 5.260486402345757 
2
1
0.40273682708697944 0.06553226545122344 
0
0
1
0.0
NaN
2
1
0.6718300805094068 5.260486402345757 
2
1
0.40273682708697944 0.06553226545122344 
0
0
1
0.0
NaN
2
1
0.6718300805094068 5.260486402345757 
2
1
0.40273682708697944 0.06553226545122344 
0
0
1
0.0
NaN
2
1
0.6718300805094068 5.260486402345757 
2
1
0.40273682708697944 0.06553226545122344 
0
0
1
0.0
NaN
2
1
0.6718300805094068 5.260486402345757 
2
1
0.40273682708697944 0.06553226545122344 
0
0
1
0.0
NaN
2
1
0.6718300805094068 5.260486402345757 
2
1
0.40273682708697944 0.06553226545122344 
0
0
1
0.0
NaN
2
1
0.6718300805094068 5.260486402345757 
2
1
0.40273682708697944 0.06553226545122344 
0
0
1
0.0
NaN
2
1
0.6718300805094068 5.260486402345757 
2
1
0.40273682708697944 0.06553226545122344 
0
0
1
0.0
NaN
2
1
0.6718300805094068 5.260486402345757 
2
1
0.40273682708697944 0.06553226545122344 
0
0
1
0.0
NaN
2
1
0.6718300805094068 5.260486402345757 
2
1
0.40273682708697944 0.06553226545122344 
0
0
1
0.0
NaN
2
1
0.6718300805094068 5.260486402345757 
2
1
0.40273682708697944 0.06553226545122344 
0
0
1
0.0
NaN
2
1
0.6718300805094068 5.260486402345757 
2
1
0.40273682708697944 0.06553226545122344 
0
0
1
0.0
NaN
2
1
0.6718300805094068 5.260486402345757 
2
1
0.40273682708697944 0.06553226545122344 
0
0
1
0.0
NaN
2
1
0.6718300805094068 5.260486402345757 
2
1
0.40273682708697944 0.06553226545122344 
0
0
1
0.0
NaN
2
1
0.6718300805094068 5.260486402345757 
2
1
0.40273682708697944 0.06553226545122344 
0
0
1
0.0
NaN
2
1
0.6718300805094068 5.260486402345757 
2
1
0.40273682708697944 0.06553226545122344 
0
0
