20
0
1.7976931348623157E308
NaN
2
1
24.77594941495989 5.955783232147958 
2
1
2.754606842598321 -2.862629651634492 
0
0
0
0.0
NaN
2
1
24.77594941495989 5.955783232147958 
2
1
2.754606842598321 -2.862629651634492 
0
0
0
0.0
NaN
2
1
24.77594941495989 5.955783232147958 
2
1
2.754606842598321 -2.862629651634492 
0
0
0
0.0
NaN
2
1
24.77594941495989 5.955783232147958 
2
1
2.754606842598321 -2.862629651634492 
0
0
0
0.0
NaN
2
1
24.77594941495989 5.955783232147958 
2
1
2.754606842598321 -2.862629651634492 
0
0
0
0.0
NaN
2
1
24.77594941495989 5.955783232147958 
2
1
2.754606842598321 -2.862629651634492 
0
0
0
0.0
NaN
2
1
24.77594941495989 5.955783232147958 
2
1
2.754606842598321 -2.862629651634492 
0
0
0
0.0
NaN
2
1
24.77594941495989 5.955783232147958 
2
1
2.754606842598321 -2.862629651634492 
0
0
0
0.0
NaN
2
1
24.77594941495989 5.955783232147958 
2
1
2.754606842598321 -2.862629651634492 
0
0
0
0.0
NaN
2
1
24.77594941495989 5.955783232147958 
2
1
2.754606842598321 -2.862629651634492 
0
0
0
0.0
NaN
2
1
24.77594941495989 5.955783232147958 
2
1
2.754606842598321 -2.862629651634492 
0
0
0
0.0
NaN
2
1
24.77594941495989 5.955783232147958 
2
1
2.754606842598321 -2.862629651634492 
0
0
0
0.0
NaN
2
1
24.77594941495989 5.955783232147958 
2
1
2.754606842598321 -2.862629651634492 
0
0
0
0.0
NaN
2
1
24.77594941495989 5.955783232147958 
2
1
2.754606842598321 -2.862629651634492 
0
0
0
0.0
NaN
2
1
24.77594941495989 5.955783232147958 
2
1
2.754606842598321 -2.862629651634492 
0
0
0
0.0
NaN
2
1
24.77594941495989 5.955783232147958 
2
1
2.754606842598321 -2.862629651634492 
0
0
0
0.0
NaN
2
1
24.77594941495989 5.955783232147958 
2
1
2.754606842598321 -2.862629651634492 
0
0
0
0.0
NaN
2
1
24.77594941495989 5.955783232147958 
2
1
2.754606842598321 -2.862629651634492 
0
0
0
0.0
NaN
2
1
24.77594941495989 5.955783232147958 
2
1
2.754606842598321 -2.862629651634492 
0
0
0
0.0
NaN
2
1
24.77594941495989 5.955783232147958 
2
1
2.754606842598321 -2.862629651634492 
0
0
