10
0
1.7976931348623157E308
NaN
2
1
2.838948713706758 0.988206795566196 
2
1
-0.40787225479795985 -0.8668507843426179 
0
0
0
1.7976931348623157E308
NaN
2
1
2.838948713706758 0.988206795566196 
2
1
-0.40787225479795985 -0.8668507843426179 
0
0
0
0.0
NaN
2
1
2.838948713706758 0.988206795566196 
2
1
-0.40787225479795985 -0.8668507843426179 
0
0
0
0.0
NaN
2
1
2.838948713706758 0.988206795566196 
2
1
-0.40787225479795985 -0.8668507843426179 
0
0
0
0.0
NaN
2
1
2.838948713706758 0.988206795566196 
2
1
-0.40787225479795985 -0.8668507843426179 
0
0
0
0.0
NaN
2
1
2.838948713706758 0.988206795566196 
2
1
-0.40787225479795985 -0.8668507843426179 
0
0
0
0.0
NaN
2
1
2.838948713706758 0.988206795566196 
2
1
-0.40787225479795985 -0.8668507843426179 
0
0
0
0.0
NaN
2
1
2.838948713706758 0.988206795566196 
2
1
-0.40787225479795985 -0.8668507843426179 
0
0
0
0.0
NaN
2
1
2.838948713706758 0.988206795566196 
2
1
-0.40787225479795985 -0.8668507843426179 
0
0
0
0.0
NaN
2
1
2.838948713706758 0.988206795566196 
2
1
-0.40787225479795985 -0.8668507843426179 
0
0
